1	8	1e-11	11.9405839111594	6.92389110421367	0.822357717481083
2	8	1e-11	13.6279947046498	9.2258771211278	0.818912698434586
3	8	1e-11	20.547794359089	21.7591651541114	0.689291398269383
4	8	1e-11	11.8515463922589	13.1534989517275	0.924764445310972
5	8	1e-11	8.67628606606796	6.92401989014667	0.872093494590365
6	8	1e-11	13.3492016503257	6.92315711284289	0.859504154725628
7	8	1e-11	7.30766321471961	-0.838535312980331	0.769352989754388
8	8	1e-11	8.80315346482621	8.96156683723158	0.795923999653389
9	8	1e-11	14.614257491107	16.7583358371573	0.815633376478663
10	8	1e-11	17.5523043061822	7.45423465693016	0.911445558462334
11	8	1e-11	11.9616678313645	6.04329841022198	0.818654250610345
12	8	1e-11	14.0260824523286	9.05894196814242	0.81790902313216
1	8	1e-05	11.9405839111594	6.92306680998483	0.822357723954552
2	8	1e-05	13.6279947046498	9.22572843124176	0.818912686960287
3	8	1e-05	20.547794359089	21.7515646885762	0.689291370969047
4	8	1e-05	11.8515463922589	13.1534100483259	0.924764448092916
5	8	1e-05	8.67628606606796	6.92472987489038	0.872093465333526
6	8	1e-05	13.3492016503257	6.92396804686818	0.859504120128047
7	8	1e-05	7.30766321471961	-0.837787529547782	0.769352969117558
8	8	1e-05	8.80315346482621	8.96561432397554	0.795924022011939
9	8	1e-05	14.614257491107	16.7529775907496	0.815633343193554
10	8	1e-05	17.5523043061822	7.45471606704361	0.911445547172683
11	8	1e-05	11.9616678313645	6.04322258429425	0.818654239577722
12	8	1e-05	14.0260824523286	9.05782273775479	0.817908994863222
1	8	0.001	11.9405839111594	6.85359843532864	0.822331414973704
2	8	0.001	13.6279947046498	9.20450643980212	0.818906381507975
3	8	0.001	20.547794359089	5.04997830240423	0.689282690524131
4	8	0.001	11.8515463922589	13.0907704928016	0.924738984046893
5	8	0.001	8.67628606606796	6.85145720501369	0.872061761069235
6	8	0.001	13.3492016503257	6.85374237188388	0.859477843691082
7	8	0.001	7.30766321471961	-1.84275425527182	0.769346216879014
8	8	0.001	8.80315346482621	9.90122628995115	0.795921941962729
9	8	0.001	14.614257491107	16.1041920369254	0.815631736461849
10	8	0.001	17.5523043061822	7.38287214229853	0.911415266013028
11	8	0.001	11.9616678313645	3.52991561510039	0.818629558292492
12	8	0.001	14.0260824523286	4.87513992481265	0.817902950461441
1	8	0.2	11.9405839111594	3.1062726191735	0.734112021478182
2	8	0.2	13.6279947046498	4.85691675938528	0.704827949705073
3	8	0.2	20.547794359089	3.68020615083003	0.675988485112673
4	8	0.2	11.8515463922589	7.66059705661189	0.806479268919973
5	8	0.2	8.67628606606796	3.10619646236981	0.774537836227519
6	8	0.2	13.3492016503257	3.10627235772677	0.76916285200222
7	8	0.2	7.30766321471961	0.160395651992449	0.652556641562632
8	8	0.2	8.80315346482621	11.3209987632439	0.733926702038456
9	8	0.2	14.614257491107	7.1801560642025	0.731511032785278
10	8	0.2	17.5523043061822	4.72211349786545	0.811645572891711
11	8	0.2	11.9616678313645	-2.38235486063292	0.73081857518907
12	8	0.2	14.0260824523286	6.46111543546011	0.732524662583903
1	8	0.4	11.9405839111594	2.35087490512068	0.579411521622371
2	8	0.4	13.6279947046498	2.88243855140639	0.531975177609429
3	8	0.4	20.547794359089	2.82733025347375	0.627326572860407
4	8	0.4	11.8515463922589	6.44635505408699	0.725483644185195
5	8	0.4	8.67628606606796	2.3508660634413	0.601060679614027
6	8	0.4	13.3492016503257	2.35088308000699	0.610906799654825
7	8	0.4	7.30766321471961	1.59757479025796	0.328435041230226
8	8	0.4	8.80315346482621	10.0183389393078	0.546145683615586
9	8	0.4	14.614257491107	5.26472065237509	0.580681236017052
10	8	0.4	17.5523043061822	3.69341508790351	0.634509219996464
11	8	0.4	11.9616678313645	2.70381630812554	0.576379018324471
12	8	0.4	14.0260824523286	5.49663605619574	0.589173665711022
1	8	0.5	11.9405839111594	2.3507259620727	0.519101855838553
2	8	0.5	13.6279947046498	2.53883607441136	0.451826188900417
3	8	0.5	20.547794359089	2.32700070105944	0.535073087858192
4	8	0.5	11.8515463922589	5.89596228315265	0.644428165132764
5	8	0.5	8.67628606606796	2.35028102029828	0.532925061290221
6	8	0.5	13.3492016503257	2.35105551360127	0.547905119342972
7	8	0.5	7.30766321471961	2.21639753202507	0.19767598456126
8	8	0.5	8.80315346482621	7.81365987486584	0.469598387883507
9	8	0.5	14.614257491107	4.75571562731203	0.520641428431106
10	8	0.5	17.5523043061822	3.55288150372227	0.475849850615759
11	8	0.5	11.9616678313645	1.04448876670857	0.500080770093474
12	8	0.5	14.0260824523286	4.99651432000535	0.538097109329373
1	8	0.6	11.9405839111594	2.3098958718701	0.427766007588934
2	8	0.6	13.6279947046498	2.19448046033496	0.333843374638361
3	8	0.6	20.547794359089	1.82694790849097	0.245764851162191
4	8	0.6	11.8515463922589	5.38614412924879	0.538873775837939
5	8	0.6	8.67628606606796	2.30947813039251	0.424880494870849
6	8	0.6	13.3492016503257	2.31020826259259	0.45649578072948
7	8	0.6	7.30766321471961	2.14491693211663	0.173699392618459
8	8	0.6	8.80315346482621	6.51248269702534	0.421011156149541
9	8	0.6	14.614257491107	4.25521327659014	0.415966773358812
10	8	0.6	17.5523043061822	3.05273660971924	0.329875348887039
11	8	0.6	11.9616678313645	1.6886834930758	0.386069380007874
12	8	0.6	14.0260824523286	4.49594210015803	0.437622358340747
1	8	1	11.9405839111594	1.76744795003555	0.228721043918452
2	8	1	13.6279947046498	1.41203713832136	0.282354490044542
3	8	1	20.547794359089	0.261106592181716	0.0653971874127276
4	8	1	11.8515463922589	3.53202831241571	0.280037726679895
5	8	1	8.67628606606796	1.76704664682494	0.164077241516192
6	8	1	13.3492016503257	1.76769513906482	0.265734546870316
7	8	1	7.30766321471961	1.42653403261122	0.142327591510907
8	8	1	8.80315346482621	4.75186357272896	0.420058249716707
9	8	1	14.614257491107	2.42647951714656	0.20835005923038
10	8	1	17.5523043061822	1.25072226177933	0.15377022630128
11	8	1	11.9616678313645	1.41199065302439	0.229267516356234
12	8	1	14.0260824523286	2.66170824577235	0.221033188239711
1	8	2	11.9405839111594	0	NaN
2	8	2	13.6279947046498	0	0.158322504886194
3	8	2	20.547794359089	0	NaN
4	8	2	11.8515463922589	0	NaN
5	8	2	8.67628606606796	0.370076272639866	0.15754425904678
6	8	2	13.3492016503257	0	0.0995983687189167
7	8	2	7.30766321471961	0.0512497794496512	0.142327591510907
8	8	2	8.80315346482621	0.354190837143412	0.154639945850428
9	8	2	14.614257491107	0	NaN
10	8	2	17.5523043061822	0	NaN
11	8	2	11.9616678313645	0	0.0973506135746221
12	8	2	14.0260824523286	0	NaN
1	8	3	11.9405839111594	0	NaN
2	8	3	13.6279947046498	0	0.158322504886194
3	8	3	20.547794359089	0	NaN
4	8	3	11.8515463922589	0	NaN
5	8	3	8.67628606606796	0	NaN
6	8	3	13.3492016503257	0	NaN
7	8	3	7.30766321471961	0	NaN
8	8	3	8.80315346482621	0	NaN
9	8	3	14.614257491107	0	NaN
10	8	3	17.5523043061822	0	NaN
11	8	3	11.9616678313645	0	NaN
12	8	3	14.0260824523286	0	NaN
1	8	10	11.9405839111594	0	NaN
2	8	10	13.6279947046498	0	NaN
3	8	10	20.547794359089	0	NaN
4	8	10	11.8515463922589	0	NaN
5	8	10	8.67628606606796	0	NaN
6	8	10	13.3492016503257	0	NaN
7	8	10	7.30766321471961	0	NaN
8	8	10	8.80315346482621	0	NaN
9	8	10	14.614257491107	0	NaN
10	8	10	17.5523043061822	0	NaN
11	8	10	11.9616678313645	0	NaN
12	8	10	14.0260824523286	0	NaN
1	14	1e-11	11.9405839111594	8.25997229020005	0.764746034393391
2	14	1e-11	13.6279947046498	17.848337028493	0.917683993581527
3	14	1e-11	20.547794359089	11.0738593388286	0.858762559964003
4	14	1e-11	11.8515463922589	33.2793272781981	0.760701807334393
5	14	1e-11	8.67628606606796	9.71617392744787	0.806730532675507
6	14	1e-11	13.3492016503257	7.63157542243037	0.802134559957877
7	14	1e-11	7.30766321471961	6.71821415387293	0.705396033974258
8	14	1e-11	8.80315346482621	5.3113718509703	0.739335013484444
9	14	1e-11	14.614257491107	4.82075222591025	0.757078012304062
10	14	1e-11	17.5523043061822	3.83238047354415	0.718339169264936
11	14	1e-11	11.9616678313645	8.79714997327467	0.761058192659432
12	14	1e-11	14.0260824523286	9.05306749682584	0.760076280160674
1	14	1e-05	11.9405839111594	8.2590521916348	0.764746034765778
2	14	1e-05	13.6279947046498	17.8470583913199	0.917683993954083
3	14	1e-05	20.547794359089	11.0732700448078	0.858762519321998
4	14	1e-05	11.8515463922589	33.2767448932816	0.760701795310366
5	14	1e-05	8.67628606606796	9.71529801740442	0.806730533454218
6	14	1e-05	13.3492016503257	7.63068368090185	0.802134548673266
7	14	1e-05	7.30766321471961	6.71727850519111	0.705396034625469
8	14	1e-05	8.80315346482621	5.31041936829085	0.739335013988161
9	14	1e-05	14.614257491107	4.82138608702274	0.757078012898722
10	14	1e-05	17.5523043061822	3.82948236059338	0.718339159098855
11	14	1e-05	11.9616678313645	8.79647740392339	0.761058192233373
12	14	1e-05	14.0260824523286	9.05598188736919	0.760076281112057
1	14	0.001	11.9405839111594	2.44069105246823	0.764740306207
2	14	0.001	13.6279947046498	14.4086901522569	0.917678213749956
3	14	0.001	20.547794359089	2.30495138631668	0.858760158727796
4	14	0.001	11.8515463922589	5.85723784335209	0.760696871346665
5	14	0.001	8.67628606606796	2.44069164370281	0.80672418295825
6	14	0.001	13.3492016503257	2.44069159134008	0.802128749277778
7	14	0.001	7.30766321471961	-0.562049775110052	0.70538949754909
8	14	0.001	8.80315346482621	-1.56300345791758	0.739328674094665
9	14	0.001	14.614257491107	5.58312180808509	0.757068620436165
10	14	0.001	17.5523043061822	0	0.718339020125228
11	14	0.001	11.9616678313645	4.89239919282186	0.761052963931438
12	14	0.001	14.0260824523286	2.39861924799103	0.760070780817232
1	14	0.2	11.9405839111594	0	0.724042676401596
2	14	0.2	13.6279947046498	5.13225900720804	0.807003040322528
3	14	0.2	20.547794359089	2.20595394120272	0.763037859857229
4	14	0.2	11.8515463922589	1.35677375211343	0.72182872078915
5	14	0.2	8.67628606606796	0	0.762758475871454
6	14	0.2	13.3492016503257	0	0.759420871114424
7	14	0.2	7.30766321471961	-1.14197540993308	0.636081283343133
8	14	0.2	8.80315346482621	-2.17695378742467	0.689614090189359
9	14	0.2	14.614257491107	4.32214985761167	0.745957461169498
10	14	0.2	17.5523043061822	-0.15149562506249	0.687403636399578
11	14	0.2	11.9616678313645	2.14212410196081	0.722214290854294
12	14	0.2	14.0260824523286	0.940282016439593	0.722289553422154
1	14	0.4	11.9405839111594	0	0.693485461372848
2	14	0.4	13.6279947046498	3.18869051804878	0.755604059038742
3	14	0.4	20.547794359089	1.4332696734246	0.738362910254279
4	14	0.4	11.8515463922589	1.35701842393137	0.692684888462716
5	14	0.4	8.67628606606796	0	0.741978429671462
6	14	0.4	13.3492016503257	0	0.716533224849745
7	14	0.4	7.30766321471961	0.719500740292649	0.467509701942601
8	14	0.4	8.80315346482621	-0.315529085509602	0.594689711731784
9	14	0.4	14.614257491107	2.89878994620692	0.704632691054553
10	14	0.4	17.5523043061822	0	0.649242785104209
11	14	0.4	11.9616678313645	2.14240442781554	0.692982359434833
12	14	0.4	14.0260824523286	0.940338532994112	0.713028304529087
1	14	0.5	11.9405839111594	0	0.660498910650913
2	14	0.5	13.6279947046498	2.52843501073862	0.711203878887631
3	14	0.5	20.547794359089	0.883269661153817	0.687889284696252
4	14	0.5	11.8515463922589	1.39546714651706	0.656309146305753
5	14	0.5	8.67628606606796	0	0.725616329448877
6	14	0.5	13.3492016503257	0	0.668227240878443
7	14	0.5	7.30766321471961	1.61777283053396	0.26165094732677
8	14	0.5	8.80315346482621	0.589745677976863	0.455437049479679
9	14	0.5	14.614257491107	2.30422247992206	0.675639653892353
10	14	0.5	17.5523043061822	0	0.629202636131536
11	14	0.5	11.9616678313645	2.18054859724368	0.656510235027076
12	14	0.5	14.0260824523286	0.940347988004627	0.695607099956576
1	14	0.6	11.9405839111594	0	0.607848440713216
2	14	0.6	13.6279947046498	1.97841065208666	0.660357659662559
3	14	0.6	20.547794359089	0.416731918765991	0.44103989439439
4	14	0.6	11.8515463922589	1.5053756433134	0.60257460707079
5	14	0.6	8.67628606606796	0	0.720648572404654
6	14	0.6	13.3492016503257	0	0.588430343181916
7	14	0.6	7.30766321471961	1.97660604864771	0.142327591510907
8	14	0.6	8.80315346482621	1.48341214164324	0.194158154801002
9	14	0.6	14.614257491107	1.7542685287406	0.619037169959371
10	14	0.6	17.5523043061822	0	0.531106328559951
11	14	0.6	11.9616678313645	1.61663484588595	0.602622191538888
12	14	0.6	14.0260824523286	0.940387624305151	0.642694926409925
1	14	1	11.9405839111594	0	0.0592452486373632
2	14	1	13.6279947046498	0.636322528120536	0.0575994916735503
3	14	1	20.547794359089	0	NaN
4	14	1	11.8515463922589	0.858412584557535	0.071229336240736
5	14	1	8.67628606606796	0	NaN
6	14	1	13.3492016503257	0	0.0995983687189167
7	14	1	7.30766321471961	1.42651423040257	0.142327591510907
8	14	1	8.80315346482621	1.23955407412299	0.109683429977556
9	14	1	14.614257491107	0.513039471600897	0.0516729723619661
10	14	1	17.5523043061822	0	0.0388690399472676
11	14	1	11.9616678313645	0.844592423589044	0.0702491183658558
12	14	1	14.0260824523286	0.586528207367345	0.0550879140669494
1	14	2	11.9405839111594	0	NaN
2	14	2	13.6279947046498	0	NaN
3	14	2	20.547794359089	0	NaN
4	14	2	11.8515463922589	0	NaN
5	14	2	8.67628606606796	0	NaN
6	14	2	13.3492016503257	0	0.0995983687189167
7	14	2	7.30766321471961	0.0512663765620408	0.142327591510907
8	14	2	8.80315346482621	0	NaN
9	14	2	14.614257491107	0	NaN
10	14	2	17.5523043061822	0	NaN
11	14	2	11.9616678313645	0	NaN
12	14	2	14.0260824523286	0	NaN
1	14	3	11.9405839111594	0	NaN
2	14	3	13.6279947046498	0	NaN
3	14	3	20.547794359089	0	NaN
4	14	3	11.8515463922589	0	NaN
5	14	3	8.67628606606796	0	NaN
6	14	3	13.3492016503257	0	NaN
7	14	3	7.30766321471961	0	NaN
8	14	3	8.80315346482621	0	NaN
9	14	3	14.614257491107	0	NaN
10	14	3	17.5523043061822	0	NaN
11	14	3	11.9616678313645	0	NaN
12	14	3	14.0260824523286	0	NaN
1	14	10	11.9405839111594	0	NaN
2	14	10	13.6279947046498	0	NaN
3	14	10	20.547794359089	0	NaN
4	14	10	11.8515463922589	0	NaN
5	14	10	8.67628606606796	0	NaN
6	14	10	13.3492016503257	0	NaN
7	14	10	7.30766321471961	0	NaN
8	14	10	8.80315346482621	0	NaN
9	14	10	14.614257491107	0	NaN
10	14	10	17.5523043061822	0	NaN
11	14	10	11.9616678313645	0	NaN
12	14	10	14.0260824523286	0	NaN
1	16	1e-11	11.9405839111594	10.7492496548349	0.928608872309777
2	16	1e-11	13.6279947046498	12.6320308059837	0.924983569294355
3	16	1e-11	20.547794359089	19.9628795696803	0.87128724762223
4	16	1e-11	11.8515463922589	37.6835765461841	0.924764458647444
5	16	1e-11	8.67628606606796	12.278827082311	0.99264002504851
6	16	1e-11	13.3492016503257	10.0892026860782	0.965308808935208
7	16	1e-11	7.30766321471961	3.12527949587787	0.90445302418997
8	16	1e-11	8.80315346482621	12.7518677302558	0.915460271712646
9	16	1e-11	14.614257491107	12.5651456200274	0.923625126233436
10	16	1e-11	17.5523043061822	4.8720386994009	0.911445594210793
11	16	1e-11	11.9616678313645	10.0141097569753	0.924876516263782
12	16	1e-11	14.0260824523286	13.1140090442813	0.924567768087055
1	16	1e-05	11.9405839111594	10.7484802232814	0.928608866518473
2	16	1e-05	13.6279947046498	12.6323835729335	0.924983579033687
3	16	1e-05	20.547794359089	19.9610833153761	0.871287238910013
4	16	1e-05	11.8515463922589	37.2338045369433	0.924764467658543
5	16	1e-05	8.67628606606796	12.2780993171675	0.992640019377063
6	16	1e-05	13.3492016503257	10.0884043859502	0.965308805059903
7	16	1e-05	7.30766321471961	3.12740168557627	0.904452932727967
8	16	1e-05	8.80315346482621	12.7481137625433	0.915460292016999
9	16	1e-05	14.614257491107	12.5661817063892	0.923625122833128
10	16	1e-05	17.5523043061822	4.86791799624761	0.911445579043005
11	16	1e-05	11.9616678313645	10.0106050119585	0.924876517636681
12	16	1e-05	14.0260824523286	13.1196503360948	0.924567724063484
1	16	0.001	11.9405839111594	5.86989785657704	0.928575505905535
2	16	0.001	13.6279947046498	12.9932680411804	0.924976806355975
3	16	0.001	20.547794359089	3.29251004264148	0.871280621332729
4	16	0.001	11.8515463922589	16.8468995641773	0.924742372600111
5	16	0.001	8.67628606606796	5.86839876996537	0.992601562268061
6	16	0.001	13.3492016503257	5.87203899424554	0.965276538672028
7	16	0.001	7.30766321471961	-3.35209621806459	0.904440856784078
8	16	0.001	8.80315346482621	3.98671838185819	0.915452434528911
9	16	0.001	14.614257491107	9.20396562939899	0.923619573034904
10	16	0.001	17.5523043061822	1.89006407329413	0.911415411986129
11	16	0.001	11.9616678313645	7.68082537725668	0.924852398296866
12	16	0.001	14.0260824523286	1.29937412935919	0.924557125589906
1	16	0.2	11.9405839111594	0	0.810484272522338
2	16	0.2	13.6279947046498	1.98571169786086	0.801991525154866
3	16	0.2	20.547794359089	2.48500993801753	0.852179514149343
4	16	0.2	11.8515463922589	0.560080374860361	0.806456354012143
5	16	0.2	8.67628606606796	0	0.860072934843041
6	16	0.2	13.3492016503257	0	0.845970034570323
7	16	0.2	7.30766321471961	-3.20995615727268	0.758294867873688
8	16	0.2	8.80315346482621	2.42575973588212	0.831079964393859
9	16	0.2	14.614257491107	5.25194443671885	0.849454154582671
10	16	0.2	17.5523043061822	-0.210052335170724	0.823578672523279
11	16	0.2	11.9616678313645	0.233807964391547	0.807567362086752
12	16	0.2	14.0260824523286	4.10870508337999	0.803351354564329
1	16	0.4	11.9405839111594	0	0.727643729171396
2	16	0.4	13.6279947046498	0	0.661964336137618
3	16	0.4	20.547794359089	1.87464246769059	0.727321862566583
4	16	0.4	11.8515463922589	1.00201039668099	0.725468396656974
5	16	0.4	8.67628606606796	0	0.785788649893332
6	16	0.4	13.3492016503257	0	0.757845027332081
7	16	0.4	7.30766321471961	-0.574368045615431	0.561931755802927
8	16	0.4	8.80315346482621	2.87005454567739	0.651744431123204
9	16	0.4	14.614257491107	3.81112377602758	0.771882847318023
10	16	0.4	17.5523043061822	0	0.648088948479072
11	16	0.4	11.9616678313645	0.233790902398478	0.725829917581954
12	16	0.4	14.0260824523286	3.64165173467995	0.739242864377329
1	16	0.5	11.9405839111594	0	0.645967841919736
2	16	0.5	13.6279947046498	0	0.621959909875765
3	16	0.5	20.547794359089	1.35718931932	0.628929320809493
4	16	0.5	11.8515463922589	2.75103301337714	0.644402320571642
5	16	0.5	8.67628606606796	0	0.740985113807254
6	16	0.5	13.3492016503257	0	0.673384110896779
7	16	0.5	7.30766321471961	0.613277686618232	0.354823873607866
8	16	0.5	8.80315346482621	2.87010982678091	0.520227608409336
9	16	0.5	14.614257491107	3.08036618204987	0.668640753973804
10	16	0.5	17.5523043061822	0	0.585280608571701
11	16	0.5	11.9616678313645	0.233451159213038	0.644982813326559
12	16	0.5	14.0260824523286	3.24840508765297	0.695602051926902
1	16	0.6	11.9405839111594	0	0.578543304249293
2	16	0.6	13.6279947046498	0	0.55209322098996
3	16	0.6	20.547794359089	0.983124997519581	0.353828002712698
4	16	0.6	11.8515463922589	2.16105433934115	0.539036265464128
5	16	0.6	8.67628606606796	0	0.666055897325642
6	16	0.6	13.3492016503257	0	0.601850107087674
7	16	0.6	7.30766321471961	1.47302201303556	0.173669120247851
8	16	0.6	8.80315346482621	3.25458355982728	0.419836447942155
9	16	0.6	14.614257491107	2.53036479624515	0.589548499746529
10	16	0.6	17.5523043061822	0	0.465690585842074
11	16	0.6	11.9616678313645	0	0.556500759845715
12	16	0.6	14.0260824523286	2.69841457903012	0.62084572488084
1	16	1	11.9405839111594	0	0.228721369488626
2	16	1	13.6279947046498	0	0.273394855402234
3	16	1	20.547794359089	0.0255480788756542	0.151299291759502
4	16	1	11.8515463922589	1.76474301225839	0.280674414065649
5	16	1	8.67628606606796	0	0.17350772111014
6	16	1	13.3492016503257	0	0.265737209265942
7	16	1	7.30766321471961	1.4264412751205	0.142327591510907
8	16	1	8.80315346482621	2.37461790631715	0.419836447942156
9	16	1	14.614257491107	1.21222940187945	0.211043538078927
10	16	1	17.5523043061822	0	0.167678659528214
11	16	1	11.9616678313645	0	0.229197995445561
12	16	1	14.0260824523286	1.32983200492032	0.223057862512075
1	16	2	11.9405839111594	0	NaN
2	16	2	13.6279947046498	0	0.273394855402234
3	16	2	20.547794359089	0	NaN
4	16	2	11.8515463922589	0	NaN
5	16	2	8.67628606606796	0	NaN
6	16	2	13.3492016503257	0	0.0995983687189167
7	16	2	7.30766321471961	0.0512761496586521	0.142327591510907
8	16	2	8.80315346482621	0.174467573723808	0.419836447942155
9	16	2	14.614257491107	0	NaN
10	16	2	17.5523043061822	0	NaN
11	16	2	11.9616678313645	0	NaN
12	16	2	14.0260824523286	0	NaN
1	16	3	11.9405839111594	0	NaN
2	16	3	13.6279947046498	0	NaN
3	16	3	20.547794359089	0	NaN
4	16	3	11.8515463922589	0	NaN
5	16	3	8.67628606606796	0	NaN
6	16	3	13.3492016503257	0	NaN
7	16	3	7.30766321471961	0	NaN
8	16	3	8.80315346482621	0	NaN
9	16	3	14.614257491107	0	NaN
10	16	3	17.5523043061822	0	NaN
11	16	3	11.9616678313645	0	NaN
12	16	3	14.0260824523286	0	NaN
1	16	10	11.9405839111594	0	NaN
2	16	10	13.6279947046498	0	NaN
3	16	10	20.547794359089	0	NaN
4	16	10	11.8515463922589	0	NaN
5	16	10	8.67628606606796	0	NaN
6	16	10	13.3492016503257	0	NaN
7	16	10	7.30766321471961	0	NaN
8	16	10	8.80315346482621	0	NaN
9	16	10	14.614257491107	0	NaN
10	16	10	17.5523043061822	0	NaN
11	16	10	11.9616678313645	0	NaN
12	16	10	14.0260824523286	0	NaN
1	28	1e-11	11.9405839111594	10.8169906874624	0.928608865964076
2	28	1e-11	13.6279947046498	10.012968680772	0.924983499835066
3	28	1e-11	20.547794359089	22.0611741541335	0.871287172141023
4	28	1e-11	11.8515463922589	14.0209490697302	0.924764461468922
5	28	1e-11	8.67628606606796	12.231297603041	0.992640027010512
6	28	1e-11	13.3492016503257	10.2065488096477	0.965308794361402
7	28	1e-11	7.30766321471961	2.942373973495	0.904453155489677
8	28	1e-11	8.80315346482621	13.0482642213675	0.915460317871167
9	28	1e-11	14.614257491107	17.3778878266852	0.923625108506036
10	28	1e-11	17.5523043061822	13.8928959428203	0.911445600924267
11	28	1e-11	11.9616678313645	10.3221694451249	0.9248765135853
12	28	1e-11	14.0260824523286	13.0582277010126	0.924567759196355
1	28	1e-05	11.9405839111594	10.8170283846512	0.928608863739919
2	28	1e-05	13.6279947046498	10.015881090271	0.924983487131032
3	28	1e-05	20.547794359089	22.0529858430872	0.871287126973594
4	28	1e-05	11.8515463922589	14.0237290850241	0.924764464090544
5	28	1e-05	8.67628606606796	12.2311404113866	0.992640019134018
6	28	1e-05	13.3492016503257	10.2065919760393	0.965308790035939
7	28	1e-05	7.30766321471961	2.93803119928812	0.904453166034429
8	28	1e-05	8.80315346482621	13.0509825896293	0.915460331452497
9	28	1e-05	14.614257491107	17.3718702863403	0.923625110847637
10	28	1e-05	17.5523043061822	13.8905243092427	0.911445605752992
11	28	1e-05	11.9616678313645	10.3208809458407	0.924876517181442
12	28	1e-05	14.0260824523286	13.0470949990987	0.924567780491417
1	28	0.001	11.9405839111594	10.8822417528255	0.928565140871372
2	28	0.001	13.6279947046498	15.0995103260147	0.924976433688338
3	28	0.001	20.547794359089	4.28063255334288	0.871284228899953
4	28	0.001	11.8515463922589	14.9048725719885	0.924734218273135
5	28	0.001	8.67628606606796	12.329205715964	0.992589020966541
6	28	0.001	13.3492016503257	10.2586309539222	0.965264557662862
7	28	0.001	7.30766321471961	3.32465318176251	0.904446277768227
8	28	0.001	8.80315346482621	10.9007838226673	0.915454685605897
9	28	0.001	14.614257491107	16.1019481585112	0.923610166449051
10	28	0.001	17.5523043061822	13.3834139706361	0.911411325216032
11	28	0.001	11.9616678313645	12.9856006512448	0.924850275279323
12	28	0.001	14.0260824523286	9.27160360275533	0.92456090260947
1	28	0.2	11.9405839111594	3.00507568136329	0.810435426046021
2	28	0.2	13.6279947046498	5.11560268995178	0.801996504231896
3	28	0.2	20.547794359089	4.78386518236806	0.795624145847858
4	28	0.2	11.8515463922589	3.56040899816963	0.806488056099598
5	28	0.2	8.67628606606796	3.00505645564807	0.860052722463781
6	28	0.2	13.3492016503257	3.00511140335962	0.845904638771144
7	28	0.2	7.30766321471961	-0.497025760073688	0.758417821389852
8	28	0.2	8.80315346482621	9.74428562591449	0.841245322130239
9	28	0.2	14.614257491107	8.34955330679944	0.849562803627887
10	28	0.2	17.5523043061822	7.187832809435	0.823572881821538
11	28	0.2	11.9616678313645	3.33996420549544	0.807584585323863
12	28	0.2	14.0260824523286	7.22215508569581	0.803387770826277
1	28	0.4	11.9405839111594	2.67820523412199	0.727631321374949
2	28	0.4	13.6279947046498	3.41087514257084	0.65131824621376
3	28	0.4	20.547794359089	3.37859070159747	0.727133445342351
4	28	0.4	11.8515463922589	3.71062467025722	0.725400150611309
5	28	0.4	8.67628606606796	2.67820224166785	0.76959329016305
6	28	0.4	13.3492016503257	2.67820789587884	0.757830265676858
7	28	0.4	7.30766321471961	1.029613017651	0.561870404408619
8	28	0.4	8.80315346482621	8.21305653580332	0.686884273597024
9	28	0.4	14.614257491107	6.55502966877659	0.771879815708279
10	28	0.4	17.5523043061822	4.9641114123202	0.647969333063458
11	28	0.4	11.9616678313645	3.01301978883937	0.72575211344538
12	28	0.4	14.0260824523286	6.61328424371065	0.73923826746437
1	28	0.5	11.9405839111594	2.67808809369616	0.645975861059783
2	28	0.5	13.6279947046498	2.96050535766822	0.591085861432551
3	28	0.5	20.547794359089	2.6660751856272	0.628700113339885
4	28	0.5	11.8515463922589	3.71026664758523	0.644333783914399
5	28	0.5	8.67628606606796	2.67809132018726	0.677184905382628
6	28	0.5	13.3492016503257	2.67811396471094	0.673314960327832
7	28	0.5	7.30766321471961	1.75640166300658	0.354717040232962
8	28	0.5	8.80315346482621	7.04412126548607	0.539037686281792
9	28	0.5	14.614257491107	5.73225372587074	0.668486267551885
10	28	0.5	17.5523043061822	4.25135501209704	0.585156747378761
11	28	0.5	11.9616678313645	3.01285650688003	0.644912263216935
12	28	0.5	14.0260824523286	6.02627577454828	0.695451864683289
1	28	0.6	11.9405839111594	2.50119302431588	0.578370471449543
2	28	0.6	13.6279947046498	2.51029710217085	0.49207543435552
3	28	0.6	20.547794359089	1.93842159105927	0.301726177898181
4	28	0.6	11.8515463922589	3.99308220052399	0.538870426819894
5	28	0.6	8.67628606606796	2.50075294816679	0.60001238576684
6	28	0.6	13.3492016503257	2.501327850642	0.60166598869354
7	28	0.6	7.30766321471961	2.14486501788981	0.173698335726542
8	28	0.6	8.80315346482621	6.51248292667138	0.421011156355811
9	28	0.6	14.614257491107	4.90674423607834	0.589371592471705
10	28	0.6	17.5523043061822	3.4367631873351	0.460409069256025
11	28	0.6	11.9616678313645	2.66181133800701	0.551140106312062
12	28	0.6	14.0260824523286	5.20078355353581	0.620675812587971
1	28	1	11.9405839111594	1.7674559268842	0.228721059558032
2	28	1	13.6279947046498	1.41203713832136	0.282354490044542
3	28	1	20.547794359089	0.261106592181716	0.0653971874127276
4	28	1	11.8515463922589	3.53188392964176	0.280037046348134
5	28	1	8.67628606606796	1.76705662482348	0.164078827519303
6	28	1	13.3492016503257	1.76769915057978	0.265734496271089
7	28	1	7.30766321471961	1.42642852958622	0.142327591510907
8	28	1	8.80315346482621	4.75202391501575	0.420058742170613
9	28	1	14.614257491107	2.42628059687067	0.208348087113225
10	28	1	17.5523043061822	1.25064193836456	0.153766816680728
11	28	1	11.9616678313645	1.41198817161659	0.22926748514924
12	28	1	14.0260824523286	2.6617642649706	0.221033645087037
1	28	2	11.9405839111594	0	NaN
2	28	2	13.6279947046498	0	0.158322504886194
3	28	2	20.547794359089	0	NaN
4	28	2	11.8515463922589	0	NaN
5	28	2	8.67628606606796	0.370076272639866	0.15754425904678
6	28	2	13.3492016503257	0	0.0995983687189167
7	28	2	7.30766321471961	0.0512497794496512	0.142327591510907
8	28	2	8.80315346482621	0.354190837143412	0.154639945850428
9	28	2	14.614257491107	0	NaN
10	28	2	17.5523043061822	0	NaN
11	28	2	11.9616678313645	0	0.0973506135746221
12	28	2	14.0260824523286	0	NaN
1	28	3	11.9405839111594	0	NaN
2	28	3	13.6279947046498	0	0.158322504886194
3	28	3	20.547794359089	0	NaN
4	28	3	11.8515463922589	0	NaN
5	28	3	8.67628606606796	0	NaN
6	28	3	13.3492016503257	0	NaN
7	28	3	7.30766321471961	0	NaN
8	28	3	8.80315346482621	0	NaN
9	28	3	14.614257491107	0	NaN
10	28	3	17.5523043061822	0	NaN
11	28	3	11.9616678313645	0	NaN
12	28	3	14.0260824523286	0	NaN
1	28	10	11.9405839111594	0	NaN
2	28	10	13.6279947046498	0	NaN
3	28	10	20.547794359089	0	NaN
4	28	10	11.8515463922589	0	NaN
5	28	10	8.67628606606796	0	NaN
6	28	10	13.3492016503257	0	NaN
7	28	10	7.30766321471961	0	NaN
8	28	10	8.80315346482621	0	NaN
9	28	10	14.614257491107	0	NaN
10	28	10	17.5523043061822	0	NaN
11	28	10	11.9616678313645	0	NaN
12	28	10	14.0260824523286	0	NaN
1	42	1e-11	11.9405839111594	3.08905171149596	0.701927042180553
2	42	1e-11	13.6279947046498	13.0455312555162	0.85497140793983
3	42	1e-11	20.547794359089	6.4431367698534	0.751160780138693
4	42	1e-11	11.8515463922589	0.714100853223076	0.760701725621097
5	42	1e-11	8.67628606606796	4.79256401323857	0.735459663215581
6	42	1e-11	13.3492016503257	2.35394002583796	0.739579539599871
7	42	1e-11	7.30766321471961	2.93612589593809	0.666765226982411
8	42	1e-11	8.80315346482621	2.20480938602011	0.663391680133098
9	42	1e-11	14.614257491107	1.23770524115552	0.693229853463712
10	42	1e-11	17.5523043061822	-0.585694715663864	0.644309213141946
11	42	1e-11	11.9616678313645	-2.35215428349161	0.698256243327995
12	42	1e-11	14.0260824523286	26.7568773887327	0.697016120890322
1	42	1e-05	11.9405839111594	3.08969195476095	0.701927018029539
2	42	1e-05	13.6279947046498	13.046145893659	0.854971395162238
3	42	1e-05	20.547794359089	6.44295369306919	0.751160854864831
4	42	1e-05	11.8515463922589	0.715031914306319	0.76070167980149
5	42	1e-05	8.67628606606796	4.79318857216216	0.735459626950895
6	42	1e-05	13.3492016503257	2.35457072267821	0.739579520761403
7	42	1e-05	7.30766321471961	2.93693322665139	0.666765185662823
8	42	1e-05	8.80315346482621	2.20574236875796	0.663391628531734
9	42	1e-05	14.614257491107	1.23931273481505	0.693229867005722
10	42	1e-05	17.5523043061822	-0.585025976992245	0.644309183420032
11	42	1e-05	11.9616678313645	-2.35327253993518	0.698256261669957
12	42	1e-05	14.0260824523286	26.7559848977254	0.697016143440776
1	42	0.001	11.9405839111594	1.41613380801881	0.701921688294976
2	42	0.001	13.6279947046498	14.0270057322723	0.854966273704493
3	42	0.001	20.547794359089	0.611094002587733	0.751151014413699
4	42	0.001	11.8515463922589	-1.69255506461026	0.76069658054427
5	42	0.001	8.67628606606796	1.50204013396267	0.735453813847949
6	42	0.001	13.3492016503257	1.37730041964031	0.739574331937917
7	42	0.001	7.30766321471961	0.579386524159192	0.666758945431603
8	42	0.001	8.80315346482621	-0.168358600893986	0.663386076991055
9	42	0.001	14.614257491107	4.86246907005586	0.693225377999233
10	42	0.001	17.5523043061822	-0.586370870365899	0.644309009153112
11	42	0.001	11.9616678313645	-2.89157117536338	0.698251246550082
12	42	0.001	14.0260824523286	8.65058951577936	0.697010888495475
1	42	0.2	11.9405839111594	0	0.631164735803883
2	42	0.2	13.6279947046498	5.58209402536315	0.722949276704027
3	42	0.2	20.547794359089	2.00720279480643	0.655656518346275
4	42	0.2	11.8515463922589	-2.16725150287488	0.689767849875767
5	42	0.2	8.67628606606796	0	0.656845189464205
6	42	0.2	13.3492016503257	0	0.667321347110436
7	42	0.2	7.30766321471961	0.104900855846881	0.565671986038063
8	42	0.2	8.80315346482621	-0.642910760932584	0.578498713509418
9	42	0.2	14.614257491107	4.01538509260745	0.639646623329969
10	42	0.2	17.5523043061822	-0.586217810653026	0.613369164102683
11	42	0.2	11.9616678313645	-1.26750115188131	0.627805137562047
12	42	0.2	14.0260824523286	4.16384165742194	0.66093114305077
1	42	0.4	11.9405839111594	0	0.619719232467875
2	42	0.4	13.6279947046498	3.16332038101706	0.66867946693028
3	42	0.4	20.547794359089	1.43358837414425	0.632986923232724
4	42	0.4	11.8515463922589	-1.06741190346329	0.677297419338028
5	42	0.4	8.67628606606796	0	0.655159311420044
6	42	0.4	13.3492016503257	0	0.645389923473916
7	42	0.4	7.30766321471961	1.0171101834136	0.493438210952389
8	42	0.4	8.80315346482621	0.457569380370896	0.524430493564512
9	42	0.4	14.614257491107	2.9166085913624	0.631355588403998
10	42	0.4	17.5523043061822	0	0.575447044695256
11	42	0.4	11.9616678313645	-0.534144044595784	0.618356770775064
12	42	0.4	14.0260824523286	3.06401636466422	0.652421917501318
1	42	0.5	11.9405839111594	0	0.601402592267393
2	42	0.5	13.6279947046498	2.61345137291421	0.653316440983251
3	42	0.5	20.547794359089	0.883501477586833	0.587127428327398
4	42	0.5	11.8515463922589	-0.516803911509635	0.656337229696332
5	42	0.5	8.67628606606796	0	0.65207809025566
6	42	0.5	13.3492016503257	0	0.613735199622883
7	42	0.5	7.30766321471961	1.3837927025112	0.399309759210752
8	42	0.5	8.80315346482621	0.88528000129767	0.458559250263643
9	42	0.5	14.614257491107	2.36675535923141	0.615659418899348
10	42	0.5	17.5523043061822	0	0.556157176872303
11	42	0.5	11.9616678313645	-0.167612253152539	0.60301573672287
12	42	0.5	14.0260824523286	2.51392943994228	0.636962683844103
1	42	0.6	11.9405839111594	0	0.55701225886129
2	42	0.6	13.6279947046498	2.06334714654973	0.610311438128104
3	42	0.6	20.547794359089	0.394206390071711	0.265343652648848
4	42	0.6	11.8515463922589	0.0334507339503087	0.602574604236327
5	42	0.6	8.67628606606796	0	0.642806837958696
6	42	0.6	13.3492016503257	0	0.547294604336838
7	42	0.6	7.30766321471961	1.75042228127052	0.230976997400121
8	42	0.6	8.80315346482621	1.25191249559682	0.330628513787124
9	42	0.6	14.614257491107	1.81678147524358	0.567563285688455
10	42	0.6	17.5523043061822	0	0.465214730007776
11	42	0.6	11.9616678313645	0.199101250389105	0.56475395251695
12	42	0.6	14.0260824523286	1.96382520320058	0.592163696908501
1	42	1	11.9405839111594	0	0.0592452486373632
2	42	1	13.6279947046498	0.636277651922196	0.0575994916735503
3	42	1	20.547794359089	0	NaN
4	42	1	11.8515463922589	0.858388079193744	0.071229336240736
5	42	1	8.67628606606796	0	NaN
6	42	1	13.3492016503257	0	0.0995983687189168
7	42	1	7.30766321471961	1.42642565739226	0.142327591510907
8	42	1	8.80315346482621	1.23946549018135	0.109683429977556
9	42	1	14.614257491107	0.513028587197418	0.051672972361966
10	42	1	17.5523043061822	0	0.0388690399472676
11	42	1	11.9616678313645	0.84463228382317	0.0702491183658558
12	42	1	14.0260824523286	0.586563595068729	0.0550879140669494
1	42	2	11.9405839111594	0	NaN
2	42	2	13.6279947046498	0	NaN
3	42	2	20.547794359089	0	NaN
4	42	2	11.8515463922589	0	NaN
5	42	2	8.67628606606796	0	NaN
6	42	2	13.3492016503257	0	0.0995983687189167
7	42	2	7.30766321471961	0.0512668357378717	0.142327591510907
8	42	2	8.80315346482621	0	NaN
9	42	2	14.614257491107	0	NaN
10	42	2	17.5523043061822	0	NaN
11	42	2	11.9616678313645	0	NaN
12	42	2	14.0260824523286	0	NaN
1	42	3	11.9405839111594	0	NaN
2	42	3	13.6279947046498	0	NaN
3	42	3	20.547794359089	0	NaN
4	42	3	11.8515463922589	0	NaN
5	42	3	8.67628606606796	0	NaN
6	42	3	13.3492016503257	0	NaN
7	42	3	7.30766321471961	0	NaN
8	42	3	8.80315346482621	0	NaN
9	42	3	14.614257491107	0	NaN
10	42	3	17.5523043061822	0	NaN
11	42	3	11.9616678313645	0	NaN
12	42	3	14.0260824523286	0	NaN
1	42	10	11.9405839111594	0	NaN
2	42	10	13.6279947046498	0	NaN
3	42	10	20.547794359089	0	NaN
4	42	10	11.8515463922589	0	NaN
5	42	10	8.67628606606796	0	NaN
6	42	10	13.3492016503257	0	NaN
7	42	10	7.30766321471961	0	NaN
8	42	10	8.80315346482621	0	NaN
9	42	10	14.614257491107	0	NaN
10	42	10	17.5523043061822	0	NaN
11	42	10	11.9616678313645	0	NaN
12	42	10	14.0260824523286	0	NaN
1	44	1e-11	11.9405839111594	11.312589904084	0.928608857239605
2	44	1e-11	13.6279947046498	14.8570392093209	0.924983565204982
3	44	1e-11	20.547794359089	21.3201745167969	0.871287229786964
4	44	1e-11	11.8515463922589	26.5071652940438	0.924764430986127
5	44	1e-11	8.67628606606796	12.9953071320379	0.99264001150546
6	44	1e-11	13.3492016503257	10.5864830955698	0.965308783816869
7	44	1e-11	7.30766321471961	7.34723804280738	0.904453065356328
8	44	1e-11	8.80315346482621	10.966348705209	0.915460357533974
9	44	1e-11	14.614257491107	12.5022471886202	0.923625073386514
10	44	1e-11	17.5523043061822	14.9948301845693	0.911445601264262
11	44	1e-11	11.9616678313645	3.12338282218749	0.924876358676132
12	44	1e-11	14.0260824523286	17.573808098735	0.924567729776085
1	44	1e-05	11.9405839111594	11.304843356965	0.928608862569304
2	44	1e-05	13.6279947046498	14.8912304017767	0.924983562390414
3	44	1e-05	20.547794359089	21.3138735726504	0.871287233759405
4	44	1e-05	11.8515463922589	26.4915199490648	0.924764439045498
5	44	1e-05	8.67628606606796	12.9870407070734	0.992640001751726
6	44	1e-05	13.3492016503257	10.5792938993649	0.965308792997513
7	44	1e-05	7.30766321471961	7.33801766639263	0.904453004557381
8	44	1e-05	8.80315346482621	10.9639340441772	0.915460379755624
9	44	1e-05	14.614257491107	12.4978574835668	0.92362509342029
10	44	1e-05	17.5523043061822	14.9469749139287	0.911445595588004
11	44	1e-05	11.9616678313645	3.12608318199306	0.924876359543402
12	44	1e-05	14.0260824523286	17.5697100455348	0.924567771009944
1	44	0.001	11.9405839111594	5.87083814363804	0.928587070518442
2	44	0.001	13.6279947046498	13.0607337880958	0.92497643005866
3	44	0.001	20.547794359089	4.19295315218005	0.871264477353144
4	44	0.001	11.8515463922589	6.90980806615621	0.924740087231438
5	44	0.001	8.67628606606796	5.86899137531387	0.992615061232894
6	44	0.001	13.3492016503257	5.86988509876908	0.96528660136786
7	44	0.001	7.30766321471961	-2.93991635871288	0.90444506597426
8	44	0.001	8.80315346482621	8.23595448817149	0.915452843733174
9	44	0.001	14.614257491107	9.20359190376245	0.923618101883134
10	44	0.001	17.5523043061822	2.36104265544852	0.911407750153027
11	44	0.001	11.9616678313645	-4.0355237202122	0.924854653340886
12	44	0.001	14.0260824523286	8.88895121064424	0.924545371152276
1	44	0.2	11.9405839111594	1.30261172412944	0.800414784606133
2	44	0.2	13.6279947046498	1.72651435195275	0.757192321156587
3	44	0.2	20.547794359089	2.4370958488746	0.853340491198923
4	44	0.2	11.8515463922589	0.434616537157699	0.784621550052755
5	44	0.2	8.67628606606796	1.30107527253365	0.84900230747023
6	44	0.2	13.3492016503257	1.30261172423472	0.835628685419204
7	44	0.2	7.30766321471961	-1.71850892972597	0.712623965621349
8	44	0.2	8.80315346482621	3.48274281841435	0.795879980609311
9	44	0.2	14.614257491107	5.25416402931025	0.7893121944812
10	44	0.2	17.5523043061822	-0.594183934928436	0.810832993833894
11	44	0.2	11.9616678313645	-3.62375342886725	0.796904765161935
12	44	0.2	14.0260824523286	5.28103513427747	0.792655523116759
1	44	0.4	11.9405839111594	0	0.680499852450355
2	44	0.4	13.6279947046498	0	0.66196619722008
3	44	0.4	20.547794359089	1.81129387080908	0.740691179177359
4	44	0.4	11.8515463922589	0.330999074502905	0.6835114549361
5	44	0.4	8.67628606606796	0	0.733991925009471
6	44	0.4	13.3492016503257	0	0.712150732704726
7	44	0.4	7.30766321471961	0.348797138225914	0.516145465063512
8	44	0.4	8.80315346482621	2.29186550253065	0.601604214138319
9	44	0.4	14.614257491107	3.63857789499817	0.708551244873013
10	44	0.4	17.5523043061822	0	0.631925403283434
11	44	0.4	11.9616678313645	-2.42766412727529	0.67814279160606
12	44	0.4	14.0260824523286	3.81153162717746	0.73599688799903
1	44	0.5	11.9405839111594	0	0.644022032015101
2	44	0.5	13.6279947046498	0	0.621963514932797
3	44	0.5	20.547794359089	1.38509857045194	0.595468356631091
4	44	0.5	11.8515463922589	0.851981629038411	0.630723756716325
5	44	0.5	8.67628606606796	0	0.712880259865881
6	44	0.5	13.3492016503257	0	0.671474175917091
7	44	0.5	7.30766321471961	0.933929314923037	0.407819778529126
8	44	0.5	8.80315346482621	2.82156310128219	0.515010432543803
9	44	0.5	14.614257491107	3.08041165605738	0.668616884957563
10	44	0.5	17.5523043061822	0	0.58328730500229
11	44	0.5	11.9616678313645	-2.02773870819891	0.633768403182515
12	44	0.5	14.0260824523286	3.24845982595077	0.695574974313571
1	44	0.6	11.9405839111594	0	0.578513849780587
2	44	0.6	13.6279947046498	0	0.552093176371228
3	44	0.6	20.547794359089	0.9836708847495	0.353308057499956
4	44	0.6	11.8515463922589	1.35197784155378	0.539036252283352
5	44	0.6	8.67628606606796	0	0.667958155818563
6	44	0.6	13.3492016503257	0	0.601841579449199
7	44	0.6	7.30766321471961	1.33395064140915	0.240965656617854
8	44	0.6	8.80315346482621	3.25462392064607	0.419836447942155
9	44	0.6	14.614257491107	2.53040597951006	0.589521873079036
10	44	0.6	17.5523043061822	0	0.465689475137247
11	44	0.6	11.9616678313645	-1.56998789477295	0.556486579561275
12	44	0.6	14.0260824523286	2.69845446039279	0.620821973527574
1	44	1	11.9405839111594	0	0.228721369488626
2	44	1	13.6279947046498	0	0.273394855402234
3	44	1	20.547794359089	0.0255480788756561	0.151299291759501
4	44	1	11.8515463922589	1.76472362305485	0.280674414065649
5	44	1	8.67628606606796	0	0.17350772111014
6	44	1	13.3492016503257	0	0.265737266440936
7	44	1	7.30766321471961	1.42643990440584	0.142327591510907
8	44	1	8.80315346482621	2.37455783229171	0.419836447942155
9	44	1	14.614257491107	1.21221414638077	0.211043538078926
10	44	1	17.5523043061822	0	0.167678659528214
11	44	1	11.9616678313645	0	0.229197995445561
12	44	1	14.0260824523286	1.32984002855293	0.223057862512075
1	44	2	11.9405839111594	0	NaN
2	44	2	13.6279947046498	0	0.273394855402234
3	44	2	20.547794359089	0	NaN
4	44	2	11.8515463922589	0	NaN
5	44	2	8.67628606606796	0	NaN
6	44	2	13.3492016503257	0	0.0995983687189167
7	44	2	7.30766321471961	0.0512761496586521	0.142327591510907
8	44	2	8.80315346482621	0.174467573723808	0.419836447942155
9	44	2	14.614257491107	0	NaN
10	44	2	17.5523043061822	0	NaN
11	44	2	11.9616678313645	0	NaN
12	44	2	14.0260824523286	0	NaN
1	44	3	11.9405839111594	0	NaN
2	44	3	13.6279947046498	0	NaN
3	44	3	20.547794359089	0	NaN
4	44	3	11.8515463922589	0	NaN
5	44	3	8.67628606606796	0	NaN
6	44	3	13.3492016503257	0	NaN
7	44	3	7.30766321471961	0	NaN
8	44	3	8.80315346482621	0	NaN
9	44	3	14.614257491107	0	NaN
10	44	3	17.5523043061822	0	NaN
11	44	3	11.9616678313645	0	NaN
12	44	3	14.0260824523286	0	NaN
1	44	10	11.9405839111594	0	NaN
2	44	10	13.6279947046498	0	NaN
3	44	10	20.547794359089	0	NaN
4	44	10	11.8515463922589	0	NaN
5	44	10	8.67628606606796	0	NaN
6	44	10	13.3492016503257	0	NaN
7	44	10	7.30766321471961	0	NaN
8	44	10	8.80315346482621	0	NaN
9	44	10	14.614257491107	0	NaN
10	44	10	17.5523043061822	0	NaN
11	44	10	11.9616678313645	0	NaN
12	44	10	14.0260824523286	0	NaN
